1 0 0 0
0 1 0 0
0 0 1 0
0 0 0 1
0.254994 0.254696 0.237939 0.252370
0.002562 0.623999 0.351874 0.021565
0.367222 0.014281 0.607072 0.011425
0.002985 0.019563 0.593178 0.384273
0.012141 0.348368 0.012266 0.627225
0.366357 0.614997 0.017446 0.001200
0.617999 0.028577 0.009976 0.343448
0.009000 0.291362 0.668843 0.030795
0.266909 0.009601 0.119515 0.603976
0.678277 0.001201 0.296156 0.024365
0.069176 0.610574 0.018183 0.302067
0.633903 0.308025 0.020014 0.038058
0.009379 0.148490 0.296502 0.545629
0.222861 0.348471 0.427992 0.000676
0.000218 0.328631 0.421216 0.249934
0.273133 0.006198 0.437949 0.282720
0.470017 0.235298 0.276144 0.018540
0.267840 0.286294 0.002461 0.443406
0.104022 0.017948 0.752396 0.125634
0.394987 0.393554 0.027816 0.183643
0.199195 0.501588 0.194906 0.104310
0.464807 0.058226 0.230234 0.246733
0.128605 0.749411 0.105712 0.016272
0.054803 0.383214 0.170696 0.391287
0.033196 0.060082 0.141747 0.764975
0.756995 0.059493 0.056051 0.127460
0.179014 0.149619 0.550009 0.121357
0.406120 0.100386 0.074364 0.419131
0.475657 0.023534 0.409912 0.090898
0.203281 0.023069 0.303539 0.470111
0.005310 0.527762 0.254518 0.212409
0.023524 0.444244 0.493493 0.038739
0.399730 0.424657 0.174758 0.000855
0.101596 0.146996 0.414405 0.337003
0.171839 0.176319 0.008795 0.643047
0.510127 0.209190 0.080260 0.200423
0.011152 0.790558 0.004151 0.194139
0.210359 0.435384 0.079912 0.274345
0.183427 0.196697 0.180576 0.439300
0.344876 0.176138 0.446673 0.032313
0.046610 0.481436 0.005013 0.466941
0.000805 0.137296 0.850131 0.011768
0.014169 0.146636 0.626726 0.212469
0.199749 0.617984 0.034807 0.147460
0.042469 0.007819 0.433631 0.516081
0.135168 0.019910 0.000300 0.844622
0.506419 0.481125 0.001967 0.010489
0.098643 0.002727 0.260277 0.638353
0.624486 0.138996 0.160568 0.075950
0.133812 0.378250 0.329924 0.158014
0.144231 0.012523 0.602335 0.240910
0.208907 0.099541 0.687879 0.003673
0.027062 0.205137 0.136001 0.631800
0.299723 0.332140 0.277200 0.090937
0.347823 0.121473 0.347823 0.182882
0.310999 0.097232 0.239037 0.352732
0.024308 0.669064 0.170940 0.135689
0.358484 0.245737 0.082076 0.313704
0.811860 0.003324 0.175202 0.009614
0.018136 0.280003 0.315084 0.386777
0.190823 0.223700 0.394527 0.190949
0.071912 0.291176 0.522160 0.114752
0.612847 0.001316 0.150228 0.235609
0.130336 0.500542 0.345842 0.023280
0.456668 0.001708 0.003530 0.538094
0.313169 0.136760 0.004082 0.545989
0.847199 0.133179 0.016781 0.002841
0.280863 0.015947 0.549629 0.153561
0.114997 0.300783 0.067805 0.516415
0.389915 0.256110 0.184894 0.169081
0.529951 0.319273 0.146304 0.004472
0.015511 0.866582 0.113784 0.004123
0.519959 0.099088 0.272746 0.108207
0.152263 0.243191 0.599626 0.004921
0.009740 0.286065 0.195260 0.508935
0.176942 0.411805 0.002442 0.408810
0.006231 0.519946 0.137663 0.336160
0.292387 0.396397 0.147783 0.163433
0.321461 0.519475 0.035618 0.123447
0.024462 0.206318 0.025440 0.743780
0.202886 0.624780 0.164660 0.007673
0.146924 0.103726 0.152856 0.596494
0.141513 0.370708 0.219602 0.268178
0.003166 0.450595 0.386049 0.160190
0.152318 0.008648 0.461442 0.377593
0.645589 0.144637 0.024399 0.185375
0.166960 0.050240 0.069520 0.713280
0.271344 0.452814 0.274783 0.001058
0.282412 0.088616 0.153591 0.475380
0.509157 0.002410 0.141283 0.347150
0.005697 0.401318 0.293243 0.299742
0.050503 0.157958 0.721797 0.069742
0.184470 0.319508 0.117473 0.378549
0.150000 0.029065 0.819933 0.001002
0.096774 0.556682 0.140461 0.206083
0.020687 0.116851 0.002348 0.860114
0.378553 0.004963 0.333509 0.282975
0.480838 0.172488 0.013341 0.333333
0.191086 0.165343 0.298869 0.344702
0.105540 0.846330 0.001435 0.046694
0.311706 0.362461 0.005890 0.319943
0.728711 0.179431 0.090767 0.001091
0.006497 0.209395 0.497126 0.286982
0.006961 0.024523 0.866460 0.102056
0.116256 0.273923 0.328322 0.281499
0.514600 0.326949 0.049189 0.109262
0.275610 0.140831 0.569032 0.014527
0.000402 0.170539 0.397178 0.431882
0.181102 0.098518 0.476888 0.243492
0.284430 0.012745 0.004036 0.698789
0.046680 0.006246 0.703813 0.243261
0.372967 0.004703 0.194591 0.427739
0.462969 0.143208 0.379030 0.014793
0.093772 0.624561 0.242719 0.038947
0.334669 0.290456 0.373110 0.001765
0.890293 0.006272 0.024806 0.078630
0.200277 0.193345 0.077261 0.529117
0.012752 0.391376 0.095385 0.500486
0.585544 0.001860 0.396665 0.015931
0.424431 0.159204 0.148366 0.268000
0.106752 0.121225 0.330615 0.441408
0.095958 0.720490 0.051647 0.131905
0.225354 0.235224 0.481461 0.057961
0.513601 0.209033 0.177212 0.100154
0.267757 0.143038 0.449738 0.139467
0.021846 0.102857 0.219227 0.656071
0.382928 0.059135 0.494293 0.063645
0.300622 0.544988 0.127518 0.026873
0.188363 0.049416 0.645058 0.117163
0.534742 0.097647 0.095360 0.272251
0.000000 0.634879 0.116743 0.248379
0.298068 0.228471 0.353184 0.120277
0.063374 0.098858 0.536694 0.301075
0.197917 0.547676 0.001803 0.252604
0.268504 0.326575 0.125000 0.279921
0.577399 0.167874 0.254535 0.000192
0.260329 0.676910 0.019122 0.043639
0.510477 0.063915 0.006792 0.418816
0.066358 0.351347 0.572370 0.009925
0.297170 0.189882 0.102756 0.410192
0.394232 0.337074 0.268409 0.000284
0.423896 0.344554 0.139898 0.091652
0.497958 0.004718 0.319014 0.178310
0.619620 0.028100 0.235307 0.116974
0.012886 0.003898 0.250239 0.732978
0.126038 0.273217 0.230165 0.370580
0.244055 0.045570 0.349524 0.360851
0.109304 0.389273 0.426894 0.074530
0.095830 0.513812 0.271304 0.119055
0.002559 0.772322 0.188910 0.036209
0.113631 0.081884 0.264538 0.539948
0.121565 0.505880 0.030391 0.342163
0.434898 0.293542 0.026507 0.245053
0.353039 0.010569 0.447709 0.188682
0.235436 0.127447 0.372171 0.264946
0.038769 0.065994 0.487677 0.407561
0.003425 0.040869 0.326246 0.629459
0.210884 0.309243 0.376209 0.103663
0.095164 0.210332 0.161293 0.533210
0.429772 0.439093 0.062066 0.069070
0.209201 0.395122 0.235252 0.160424
0.351483 0.034139 0.085777 0.528602
0.430083 0.182071 0.268892 0.118954
0.217124 0.507745 0.099680 0.175450
0.102150 0.222789 0.477370 0.197691
0.075081 0.213334 0.253364 0.458221
0.383155 0.202555 0.014713 0.399578
0.069159 0.466826 0.195717 0.268297
0.218782 0.019982 0.213561 0.547675
0.289124 0.471411 0.000622 0.238844
0.003698 0.380103 0.479283 0.136916
0.338497 0.167323 0.255563 0.238617
0.014056 0.524191 0.409595 0.052158
0.610420 0.224703 0.058037 0.106840
0.548013 0.114639 0.174532 0.162816
0.364235 0.020579 0.001019 0.614167
0.604728 0.229868 0.159792 0.005612
0.725997 0.059024 0.153856 0.061123
0.009097 0.822676 0.066579 0.101648
0.718365 0.171904 0.009292 0.100439
0.088649 0.321934 0.420092 0.169325
0.456038 0.001220 0.100960 0.441782
0.084856 0.251658 0.012722 0.650765
0.008483 0.587203 0.287922 0.116391
0.412334 0.073621 0.163665 0.350379
0.104687 0.127074 0.010469 0.757771
0.133242 0.155840 0.641068 0.069849
0.138822 0.599286 0.161459 0.100434
0.307375 0.200762 0.173641 0.318223
0.016207 0.228856 0.635060 0.119877
0.205879 0.403602 0.327542 0.062977
0.672497 0.031357 0.058305 0.237841
0.132461 0.005254 0.166136 0.696150
0.036522 0.245554 0.399554 0.318370
0.357830 0.322650 0.104602 0.214917
0.083063 0.082841 0.671737 0.162360
0.121258 0.427432 0.116729 0.334581
0.398348 0.519617 0.080658 0.001377
0.210580 0.300231 0.301417 0.187772
0.548177 0.385547 0.044226 0.022049
0.151059 0.307471 0.508733 0.032736
0.216848 0.114035 0.246483 0.422633
0.552126 0.091646 0.332993 0.023235
0.068803 0.002056 0.085083 0.844058
0.018135 0.583656 0.004553 0.393657
0.660651 0.089314 0.234984 0.015052
0.294886 0.007747 0.275303 0.422064
0.158541 0.462897 0.179815 0.198746
0.095674 0.132543 0.087977 0.683805
0.105170 0.006462 0.349327 0.539040
0.108181 0.376119 0.085941 0.429759
0.477637 0.068123 0.453077 0.001163
0.338946 0.449000 0.126891 0.085163
0.398195 0.105292 0.403676 0.092837
0.383875 0.201647 0.351929 0.062549
0.416389 0.000484 0.248322 0.334805
0.059966 0.448667 0.297133 0.194235
0.122496 0.668868 0.002177 0.206459
0.244159 0.538359 0.217407 0.000074
0.085880 0.189615 0.572650 0.151856
0.245293 0.100337 0.095331 0.559038
0.022746 0.303337 0.108135 0.565782
0.016800 0.460035 0.103228 0.419938
0.096866 0.204397 0.321745 0.376992
0.691824 0.016116 0.129029 0.163031
0.243672 0.100152 0.010080 0.646095
0.563804 0.011565 0.327030 0.097601
0.215874 0.242880 0.190694 0.350553
0.066669 0.357998 0.340467 0.234866
0.090340 0.001238 0.581476 0.326946
0.014208 0.424997 0.003584 0.557211
0.287226 0.006630 0.665585 0.040559
0.567964 0.247141 0.004338 0.180557
0.020419 0.056099 0.632249 0.291233
0.557148 0.004359 0.237902 0.200591
0.440844 0.087453 0.321607 0.150096
0.773333 0.214277 0.005428 0.006962
0.008837 0.735661 0.092618 0.162883
0.403530 0.079700 0.015253 0.501517
0.296629 0.397380 0.073309 0.232682
0.019261 0.208398 0.769825 0.002516
0.323836 0.406138 0.219954 0.050072
0.808457 0.076956 0.105285 0.009302
0.315933 0.084850 0.313765 0.285453
0.273721 0.276286 0.083100 0.366893
0.304516 0.296073 0.223661 0.175750
0.378511 0.269838 0.278215 0.073435
0.461996 0.156106 0.199018 0.182880
0.194457 0.257094 0.095112 0.453337
0.114610 0.033828 0.396285 0.455277
0.014709 0.250057 0.552976 0.182257
0.093566 0.466376 0.434485 0.005573
0.099558 0.281162 0.155940 0.463340
0.028268 0.697339 0.251181 0.023211
0.120158 0.213005 0.404519 0.262317
0.574440 0.137213 0.013324 0.275023
0.027360 0.068145 0.361120 0.543374
0.224854 0.596528 0.099124 0.079494
0.290846 0.082283 0.419260 0.207611
0.197444 0.756972 0.035395 0.010189
0.348938 0.222767 0.270743 0.157551
0.181598 0.336144 0.010978 0.471280
0.443762 0.291534 0.101911 0.162793
0.074163 0.338200 0.267978 0.319659
0.187320 0.016658 0.509735 0.286287
0.198508 0.105247 0.190925 0.505320
0.005441 0.318483 0.584608 0.091468
0.139642 0.097374 0.572129 0.190854
0.256662 0.199081 0.330670 0.213588
0.224114 0.446521 0.000781 0.328584
0.001967 0.102798 0.804773 0.090462
0.820463 0.005910 0.099603 0.074024
0.013472 0.147814 0.112064 0.726650
0.305054 0.203333 0.019570 0.472043
0.146654 0.271713 0.464167 0.117466
0.176271 0.084520 0.419779 0.319430
0.114532 0.626309 0.088375 0.170783
0.707397 0.124379 0.089481 0.078743
0.110855 0.504851 0.107035 0.277259
0.322324 0.260744 0.171002 0.245930
0.158767 0.558076 0.278072 0.005085
0.284810 0.606859 0.006896 0.101436
0.207150 0.391513 0.160334 0.241004
0.386502 0.084659 0.236493 0.292345
0.173118 0.692882 0.066590 0.067410
0.087762 0.441238 0.358276 0.112724
0.413946 0.023736 0.371126 0.191192
0.378060 0.164368 0.113291 0.344280
0.027180 0.714412 0.011453 0.246955
0.421501 0.246361 0.008660 0.323479
0.015973 0.064303 0.735882 0.183842
0.179657 0.001240 0.746744 0.072359
0.235817 0.364620 0.056575 0.342988
0.268790 0.164755 0.259555 0.306900
0.094583 0.239252 0.083620 0.582545
0.000323 0.353648 0.239579 0.406450
0.007550 0.156507 0.474782 0.361161
0.278944 0.096339 0.535329 0.089387
0.044014 0.755393 0.120164 0.080430
0.475176 0.387009 0.117311 0.020504
0.335522 0.124194 0.065908 0.474376
0.662305 0.243531 0.083284 0.010879
0.449263 0.307965 0.203048 0.039725
0.066999 0.052286 0.836576 0.044139
0.033682 0.173312 0.216399 0.576608
0.193160 0.224542 0.310028 0.272270
0.575365 0.146600 0.094786 0.183249
0.233550 0.240404 0.005569 0.520476
0.486864 0.411831 0.001972 0.099334
0.534186 0.273320 0.114801 0.077692
0.365772 0.327037 0.208702 0.098489
0.411510 0.244763 0.109258 0.234469
0.169762 0.449705 0.273156 0.107377
0.096525 0.312039 0.007722 0.583714
0.252904 0.555889 0.011240 0.179968
0.170079 0.422639 0.392807 0.014475
0.697579 0.002886 0.217217 0.082318
0.148180 0.223888 0.548645 0.079287
0.173037 0.099455 0.345469 0.382038
0.074670 0.241413 0.632167 0.051750
0.409375 0.113626 0.267148 0.209850
0.351081 0.281911 0.000038 0.366970
0.301559 0.359370 0.326065 0.013006
0.113267 0.171488 0.707525 0.007720
0.254613 0.036527 0.490504 0.218355
0.019741 0.001004 0.524801 0.454454
0.058728 0.556884 0.325380 0.059008
0.333204 0.110308 0.162881 0.393607
0.011612 0.086219 0.432330 0.469839
0.505870 0.090837 0.055163 0.348131
0.045148 0.040713 0.015016 0.899123
0.009159 0.068567 0.076528 0.845746
0.195936 0.000290 0.391680 0.412094
0.411779 0.003764 0.464192 0.120265
0.057618 0.159098 0.551849 0.231435
0.536319 0.035508 0.164817 0.263356
0.435346 0.010292 0.530238 0.024124
0.141774 0.150025 0.233484 0.474717
0.208175 0.309221 0.191144 0.291461
0.100976 0.378285 0.025729 0.495009
0.180192 0.194183 0.470025 0.155601
0.156273 0.557645 0.074492 0.211590
0.393805 0.518293 0.008310 0.079592
0.004418 0.453269 0.220891 0.321422
0.004776 0.609675 0.185915 0.199633
0.186775 0.090392 0.086322 0.636510
0.201216 0.001124 0.174709 0.622951
0.825895 0.035883 0.006390 0.131832
0.648039 0.089281 0.108603 0.154077
0.446502 0.544497 0.008427 0.000575
0.213483 0.108743 0.606160 0.071613
0.061277 0.364228 0.503894 0.070601
0.107311 0.141399 0.482502 0.268788
0.009692 0.331864 0.344654 0.313791
0.285329 0.629262 0.077984 0.007424
0.368743 0.377712 0.110471 0.143074
0.485693 0.158923 0.295513 0.059870
0.080909 0.725163 0.174535 0.019393
0.263644 0.284042 0.412555 0.039759
0.323794 0.078963 0.465967 0.131277
0.246030 0.439797 0.228809 0.085365
0.076363 0.106144 0.408564 0.408928
0.206700 0.031729 0.582798 0.178773
0.067049 0.561944 0.208609 0.162398
0.297632 0.015567 0.172033 0.514768
0.315440 0.000789 0.335017 0.348753
0.026381 0.269434 0.474407 0.229778
0.175099 0.295138 0.265469 0.264294
0.041121 0.517882 0.059190 0.381807
0.530455 0.006682 0.071447 0.391416
0.141831 0.759978 0.008637 0.089554
0.005644 0.215670 0.297557 0.481129
0.170940 0.229183 0.023350 0.576527
0.006573 0.247358 0.063982 0.682087
0.116392 0.350535 0.191110 0.341964
0.592749 0.290804 0.094920 0.021527
0.457754 0.130774 0.007792 0.403680
0.315698 0.449967 0.081229 0.153106
0.524066 0.249689 0.212244 0.014000
0.154985 0.304436 0.370004 0.170575
0.491359 0.235366 0.010136 0.263139
0.125992 0.413325 0.254657 0.206026
0.103560 0.457296 0.030603 0.408541
0.731134 0.055778 0.016223 0.196865
0.000550 0.100196 0.542521 0.356733
0.090281 0.409652 0.498725 0.001342
0.147623 0.200720 0.253863 0.397794
0.210684 0.188538 0.564342 0.036436
0.237533 0.327785 0.215303 0.219379
0.587459 0.295470 0.011281 0.105791
0.266687 0.527278 0.107679 0.098357
0.339215 0.091396 0.548308 0.021081
0.459889 0.273809 0.162437 0.103866
0.804573 0.115512 0.008251 0.071664
0.248336 0.153765 0.111909 0.485989
0.028371 0.017998 0.802900 0.150731
0.447770 0.184799 0.076419 0.291011
0.364807 0.325271 0.034603 0.275319
0.108510 0.669085 0.128926 0.093479
0.008011 0.409926 0.577667 0.004396
0.253990 0.162529 0.210966 0.372515
0.034272 0.505513 0.323316 0.136899
0.288784 0.219499 0.484624 0.007093
0.320334 0.017642 0.585887 0.076137
0.128324 0.030520 0.058421 0.782736
0.482353 0.004855 0.209337 0.303455
0.895130 0.068026 0.017834 0.019009
0.049207 0.559369 0.098324 0.293100
0.225264 0.140593 0.427739 0.206404
0.703478 0.271449 0.006957 0.018116
0.122337 0.055063 0.504429 0.318171
0.098656 0.484458 0.229934 0.186952
0.229082 0.350891 0.300511 0.119517
0.072219 0.280438 0.408384 0.238959
0.470074 0.102135 0.348547 0.079244
0.056849 0.285727 0.247421 0.410003
0.436001 0.371971 0.069767 0.122261
0.336045 0.035496 0.385429 0.243030
0.027787 0.344306 0.155869 0.472038
0.049324 0.886566 0.038581 0.025528
0.033511 0.134377 0.345170 0.486942
0.377103 0.197110 0.190839 0.234948
0.053848 0.388303 0.388303 0.169547
0.067255 0.044216 0.193725 0.694804
0.359720 0.472554 0.002414 0.165311
0.660787 0.061565 0.173022 0.104626
0.001050 0.653188 0.244932 0.100830
0.252437 0.104182 0.296887 0.346494
0.069785 0.078563 0.618176 0.233476
0.284100 0.198818 0.437970 0.079112
0.191078 0.305854 0.441509 0.061558
0.283537 0.277428 0.292797 0.146238
0.013809 0.441437 0.441218 0.103537
0.238726 0.055075 0.229143 0.477056
0.004964 0.404064 0.361150 0.229823
0.672473 0.163718 0.144314 0.019495
0.133192 0.663688 0.171919 0.031201
0.207587 0.495307 0.256536 0.040571
0.085999 0.113814 0.203118 0.597069
0.395912 0.201972 0.401285 0.000831
0.109319 0.175717 0.019208 0.695755
0.073399 0.394255 0.268858 0.263488
0.122666 0.074085 0.715804 0.087445
0.490675 0.305175 0.026215 0.177935
0.153691 0.016294 0.282634 0.547381
0.404437 0.127358 0.453471 0.014733
0.494718 0.094629 0.236721 0.173932
0.350974 0.069338 0.129703 0.449985
0.563461 0.040075 0.068745 0.327718
0.067494 0.674365 0.058516 0.199625
0.163022 0.159275 0.088928 0.588775
0.644371 0.105935 0.000000 0.249694
0.410962 0.257833 0.322356 0.008848
0.196724 0.462186 0.330067 0.011023
0.141079 0.548111 0.239865 0.070946
0.574585 0.203811 0.128114 0.093491
0.142127 0.423653 0.160978 0.273241
0.237743 0.165768 0.512680 0.083810
0.586556 0.089488 0.245899 0.078057
0.277839 0.373529 0.215008 0.133625
0.471562 0.067317 0.163728 0.297392
0.054836 0.079931 0.274580 0.590653
0.337889 0.332473 0.162426 0.167212
0.009215 0.314612 0.501536 0.174638
0.006155 0.585740 0.065326 0.342779
0.301773 0.077707 0.038853 0.581667
0.468181 0.030200 0.032879 0.468740
0.230448 0.102509 0.492315 0.174729
0.175157 0.353247 0.260317 0.211279
0.109887 0.020843 0.668104 0.201166
0.217788 0.324113 0.051196 0.406902
0.355135 0.139878 0.181829 0.323158
0.157013 0.548267 0.141789 0.152931
0.393082 0.150641 0.329163 0.127114
0.168838 0.168461 0.360216 0.302484
0.056104 0.348298 0.050558 0.545040
0.315819 0.471603 0.194551 0.018026
0.476750 0.450433 0.066579 0.006239
0.225201 0.445528 0.151260 0.178012
0.120623 0.054453 0.193316 0.631607
0.463633 0.217481 0.157309 0.161576
0.439858 0.116562 0.090086 0.353493
0.242737 0.017431 0.722955 0.016877
0.238258 0.226384 0.136989 0.398368
0.197707 0.259756 0.536527 0.006011
0.267626 0.062925 0.378399 0.291050
0.368847 0.071703 0.326413 0.233036
0.354992 0.014394 0.514445 0.116168
0.352894 0.006514 0.268256 0.372336
0.545092 0.140100 0.213061 0.101746
0.175341 0.409892 0.060253 0.354515
0.021492 0.151904 0.673703 0.152901
0.299676 0.068296 0.207242 0.424787
0.436088 0.010614 0.286265 0.267033
0.135083 0.165417 0.517840 0.181660
0.601096 0.078810 0.054407 0.265687
0.500673 0.004792 0.455776 0.038759
0.067079 0.798763 0.111203 0.022955
0.157149 0.162213 0.164314 0.516324
0.011760 0.855339 0.003718 0.129183
0.220730 0.087867 0.556302 0.135102
0.527300 0.259349 0.065258 0.148093
0.525856 0.047083 0.385407 0.041655
0.229884 0.551737 0.157335 0.061044
0.576699 0.182869 0.030107 0.210325
0.219715 0.028775 0.020805 0.730705
0.650483 0.150170 0.072268 0.127078
0.328183 0.131831 0.403470 0.136516
0.041362 0.531184 0.186092 0.241362
0.182884 0.241448 0.252878 0.322790
0.235874 0.138826 0.037587 0.587713
0.288056 0.317994 0.018882 0.375068
0.260846 0.474093 0.160455 0.104607
0.088877 0.173587 0.135172 0.602364
0.102907 0.134171 0.619874 0.143048
0.008618 0.011696 0.128758 0.850928
0.064326 0.615595 0.071039 0.249041
0.014744 0.225288 0.376665 0.383303
0.081878 0.270004 0.304618 0.343500
0.500301 0.105865 0.174236 0.219599
0.672770 0.029377 0.004874 0.292979
0.347501 0.416175 0.004919 0.231405
0.173800 0.290931 0.005388 0.529881
0.196311 0.356032 0.131526 0.316130
0.071029 0.110777 0.770933 0.047261
0.007583 0.121577 0.579409 0.291431
0.167938 0.082740 0.276535 0.472787
0.135240 0.352198 0.391100 0.121463
0.176673 0.057202 0.536803 0.229322
0.306751 0.317337 0.064017 0.311895
0.255418 0.141212 0.171690 0.431680
0.274568 0.294819 0.348362 0.082250
0.068415 0.647027 0.197475 0.087083
0.053062 0.464507 0.132162 0.350268
0.559200 0.073314 0.003586 0.363900
0.002790 0.254101 0.171994 0.571114
0.160535 0.187595 0.647715 0.004155
0.440733 0.004876 0.186862 0.367530
0.372852 0.465603 0.054306 0.107239
0.330492 0.240774 0.427963 0.000771
0.451799 0.055402 0.101612 0.391187
0.281808 0.145384 0.317613 0.255195
0.061030 0.177863 0.456469 0.304637
0.444155 0.239128 0.239825 0.076891
0.165583 0.487940 0.117877 0.228600
0.080453 0.080730 0.036494 0.802322
0.560974 0.189293 0.197836 0.051897
0.109160 0.184888 0.067286 0.638666
0.336484 0.523241 0.075996 0.064279
0.361929 0.054131 0.213400 0.370540
0.139326 0.311036 0.106058 0.443579
0.002602 0.383536 0.548174 0.065688
0.090612 0.135302 0.279498 0.494588
0.365175 0.210982 0.139902 0.283941
0.074421 0.410572 0.200779 0.314229
0.733130 0.114188 0.134728 0.017954
0.413787 0.010299 0.058472 0.517442
0.368363 0.472548 0.135602 0.023487
0.191437 0.498276 0.054841 0.255446
0.120044 0.210934 0.197695 0.471327
0.393359 0.366319 0.194650 0.045672
0.547354 0.032142 0.275068 0.145436
0.250986 0.228805 0.059937 0.460272
0.058966 0.431759 0.056161 0.453114
0.422521 0.461376 0.001904 0.114199
0.285491 0.142685 0.375356 0.196468
0.285872 0.261159 0.139937 0.313032
0.049625 0.222271 0.214705 0.513399
0.171356 0.121509 0.017389 0.689746
0.024552 0.089931 0.674379 0.211137
0.131949 0.052874 0.769975 0.045202
0.092704 0.021548 0.469928 0.415820
0.064419 0.036571 0.536263 0.362747
0.114338 0.064940 0.129807 0.690916
0.298564 0.156250 0.495671 0.049514
0.234672 0.264792 0.351365 0.149171
0.146593 0.312454 0.316063 0.224889
0.045464 0.103241 0.151021 0.700274
0.636399 0.189627 0.109415 0.064559
0.531928 0.179871 0.132744 0.155457
0.494651 0.146210 0.115589 0.243549
0.340069 0.257838 0.341192 0.060901
0.114669 0.330324 0.464974 0.090033
0.132124 0.062977 0.419359 0.385540
0.522432 0.342514 0.090998 0.044056
0.145511 0.597247 0.020832 0.236409
0.148162 0.667050 0.043262 0.141526
0.502046 0.048924 0.335866 0.113163
0.599750 0.050928 0.304909 0.044414
0.255039 0.200997 0.393758 0.150206
0.073591 0.099894 0.467895 0.358621
0.175724 0.166653 0.409996 0.247627
0.246200 0.045965 0.605698 0.102137
0.051623 0.285670 0.050131 0.612576
0.011095 0.002418 0.654694 0.331792
0.127080 0.536903 0.202605 0.133412
0.249354 0.458925 0.071659 0.220061
0.461968 0.200432 0.335517 0.002084
0.405354 0.188936 0.226723 0.178987
0.164806 0.273801 0.164991 0.396402
0.056686 0.006989 0.181472 0.754853
0.218783 0.677664 0.085051 0.018502
0.027056 0.500267 0.471393 0.001283
0.015065 0.212313 0.694285 0.078337
0.265779 0.155808 0.054536 0.523878
0.239687 0.054875 0.297485 0.407953
0.127685 0.256860 0.413524 0.201932
0.228838 0.135746 0.630263 0.005154
0.519296 0.162132 0.049736 0.268836
0.292325 0.232002 0.276934 0.198739
0.236148 0.390794 0.362357 0.010701
0.055188 0.001202 0.338855 0.604755
0.114140 0.006058 0.817950 0.061852
0.001862 0.731308 0.168603 0.098228
0.223092 0.064759 0.152410 0.559739
0.003300 0.430184 0.164554 0.401962
0.082830 0.081420 0.342296 0.493454
0.292286 0.344154 0.146163 0.217397
0.063886 0.310190 0.116560 0.509364
0.707188 0.119410 0.034614 0.138788
0.005388 0.576490 0.151755 0.266367
0.212818 0.249365 0.432561 0.105255
0.665053 0.217806 0.014236 0.102905
0.466410 0.374899 0.003221 0.155470
0.327549 0.583705 0.056527 0.032219
0.228233 0.043142 0.672667 0.055958
0.276073 0.398891 0.270692 0.054344
0.361657 0.073613 0.408785 0.155945
0.014750 0.351146 0.283486 0.350618
0.462011 0.257702 0.069017 0.211271
0.677197 0.102229 0.173973 0.046602
0.203350 0.022078 0.428973 0.345599
0.341856 0.393403 0.166351 0.098389
0.362817 0.039923 0.284072 0.313188
0.335343 0.181208 0.333447 0.150002
0.091456 0.216611 0.369236 0.322698
0.064831 0.319003 0.187135 0.429031
0.060568 0.524158 0.000687 0.414587
0.212115 0.568346 0.080959 0.138580
0.397918 0.406372 0.138774 0.056936
0.063263 0.265650 0.581167 0.089920
0.132220 0.150799 0.354582 0.362399
0.308073 0.081877 0.606601 0.003450
0.049326 0.474315 0.395354 0.081006
0.002808 0.489185 0.309900 0.198107
0.116941 0.233139 0.510196 0.139724
0.782079 0.130958 0.071858 0.015105
0.151940 0.014627 0.345025 0.488408
0.408228 0.131532 0.001968 0.458272
0.065737 0.164453 0.353927 0.415883
0.238801 0.073220 0.430305 0.257674
0.132480 0.811505 0.042615 0.013399
0.003880 0.454550 0.284443 0.257127
0.016146 0.118846 0.063790 0.801218
0.300035 0.054248 0.291392 0.354326
0.342335 0.390155 0.264014 0.003496
0.071491 0.622996 0.156983 0.148529
0.595631 0.029479 0.100983 0.273908
0.304213 0.249112 0.042651 0.404024
0.088090 0.292768 0.597805 0.021337
0.436488 0.078325 0.433948 0.051239
0.110536 0.356157 0.141988 0.391319
0.604026 0.068733 0.151196 0.176044
0.537814 0.059898 0.203399 0.198889
0.164097 0.608758 0.103455 0.123691
0.487039 0.393711 0.056464 0.062786
0.149544 0.409353 0.361333 0.079769
0.437187 0.114568 0.204143 0.244102
0.564897 0.347888 0.017774 0.069440
0.433741 0.440055 0.118118 0.008085
0.327286 0.002660 0.055105 0.614949
0.166454 0.356486 0.461981 0.015080
0.170817 0.141983 0.283268 0.403932
0.453365 0.041801 0.294862 0.209971
0.477183 0.329113 0.141036 0.052669
0.165615 0.050213 0.207800 0.576372
0.362659 0.302819 0.312198 0.022323
0.083434 0.441456 0.089180 0.385930
0.051797 0.687914 0.109717 0.150572
0.086461 0.156729 0.218695 0.538115
0.280346 0.045830 0.036783 0.637041
0.303172 0.003380 0.221945 0.471503
0.552919 0.124680 0.278146 0.044254
0.354997 0.136399 0.105521 0.403084
0.568503 0.067393 0.221852 0.142252
0.236328 0.301234 0.129335 0.333104
0.001459 0.008462 0.305493 0.684587
0.140692 0.257084 0.112356 0.489868
0.015048 0.153344 0.162226 0.669383
0.073474 0.549905 0.043657 0.332964
0.261576 0.498110 0.193185 0.047130
0.031568 0.299396 0.001758 0.667278
0.041205 0.393599 0.126533 0.438662
0.415450 0.192923 0.042711 0.348916
0.060874 0.266459 0.496661 0.176007
0.120602 0.000000 0.527519 0.351880
0.332331 0.289002 0.254590 0.124078
0.117781 0.345290 0.278469 0.258459
0.054940 0.769916 0.022725 0.152418
0.261483 0.402170 0.051718 0.284629
0.767935 0.006197 0.224297 0.001571
0.242741 0.295135 0.462124 0.000000
0.178381 0.356721 0.400924 0.063974
0.354759 0.001770 0.149159 0.494312
0.121520 0.549066 0.059425 0.269989
0.292310 0.062046 0.109234 0.536411
0.006899 0.074508 0.859348 0.059245
0.155130 0.154460 0.469633 0.220777
0.263694 0.201042 0.279604 0.255660
0.023034 0.010733 0.398095 0.568138
0.167137 0.055573 0.346443 0.430847
0.060568 0.294587 0.355714 0.289131
0.126305 0.288233 0.267193 0.318270
0.040645 0.181603 0.413788 0.363963
0.063730 0.357071 0.458015 0.121183
0.059944 0.341002 0.228698 0.370356
0.009171 0.402467 0.220345 0.368017
0.446689 0.006060 0.481179 0.066072
0.386875 0.034620 0.020880 0.557625
0.119827 0.729119 0.076019 0.075034
0.146124 0.223713 0.304097 0.326066
0.047250 0.615432 0.305734 0.031583
0.356177 0.169274 0.024736 0.449813
0.343339 0.285284 0.103015 0.268362
0.017034 0.565390 0.415810 0.001766
0.112465 0.557712 0.324179 0.005644
0.056038 0.179421 0.305772 0.458770
0.644356 0.004829 0.347569 0.003247
0.071928 0.051117 0.590992 0.285964
0.152242 0.120015 0.714838 0.012906
0.202814 0.144651 0.120300 0.532236
0.149644 0.606665 0.217576 0.026116
0.334567 0.222555 0.227977 0.214901
0.521862 0.126181 0.002024 0.349933
0.343956 0.125121 0.443012 0.087912
0.309546 0.015551 0.494782 0.180121
0.058580 0.200669 0.490839 0.249912
0.303117 0.100717 0.356487 0.239680
0.319220 0.125503 0.258980 0.296296
0.149847 0.071319 0.019325 0.759509
0.061623 0.013444 0.827071 0.097862
0.064711 0.186296 0.629997 0.118996
0.131465 0.173760 0.584822 0.109953
0.091216 0.492775 0.330751 0.085257
0.091414 0.121787 0.148072 0.638727
0.001998 0.181450 0.551027 0.265525
0.320018 0.033148 0.351280 0.295554
0.345355 0.178532 0.393809 0.082304
0.052094 0.238009 0.439864 0.270033
0.412466 0.249690 0.060938 0.276906
0.237961 0.215796 0.234215 0.312027
0.068941 0.510236 0.398030 0.022793
0.455634 0.198500 0.129780 0.216085
0.086867 0.591016 0.213475 0.108641
0.153306 0.467173 0.062313 0.317208
0.787990 0.084135 0.069081 0.058794
0.444889 0.492141 0.035820 0.027151
0.278993 0.503576 0.051197 0.166235
0.392466 0.055336 0.085740 0.466457
0.352459 0.376265 0.075253 0.196023
0.364176 0.168096 0.282804 0.184925
0.473574 0.110607 0.116502 0.299317
0.072871 0.576476 0.270053 0.080600
0.203549 0.003807 0.686110 0.106534
0.168415 0.295271 0.193189 0.343125
0.212580 0.641629 0.053350 0.092441
0.027268 0.118562 0.447608 0.406563
0.100000 0.499834 0.165391 0.234775
0.457222 0.124608 0.270066 0.148104
0.038702 0.100028 0.723677 0.137592
0.007091 0.269340 0.283458 0.440111
0.015947 0.356319 0.610589 0.017145
0.074573 0.221601 0.702895 0.000931
0.434367 0.325008 0.047126 0.193500
0.190096 0.496253 0.005533 0.308118
0.847009 0.052924 0.024350 0.075717
0.140575 0.128115 0.436356 0.294954
0.622276 0.107483 0.073512 0.196728
0.279506 0.189554 0.156893 0.374047
0.010815 0.319818 0.211714 0.457652
0.016868 0.535774 0.358862 0.088496
0.295103 0.207123 0.226874 0.270900
0.407318 0.040934 0.138443 0.413305
0.170552 0.059131 0.244802 0.525515
0.217945 0.003326 0.632182 0.146547
0.046874 0.247133 0.127566 0.578427
0.070171 0.020709 0.720430 0.188690
0.379531 0.217960 0.300472 0.102037
0.064821 0.038847 0.437343 0.458988
0.445097 0.084525 0.031512 0.438866
0.027106 0.198962 0.587851 0.186081
0.123064 0.105738 0.526151 0.245048
0.099929 0.061895 0.090038 0.748139
0.094811 0.040253 0.300791 0.564145
0.346180 0.339235 0.263311 0.051273
0.229068 0.048336 0.069731 0.652866
0.155821 0.033284 0.638093 0.172803
0.620450 0.163801 0.209164 0.006585
0.059681 0.408200 0.416458 0.115661
0.437852 0.233078 0.201173 0.127897
0.360669 0.128475 0.498577 0.012279
0.311283 0.240842 0.394001 0.053874
0.187190 0.205117 0.508038 0.099655
0.562136 0.203412 0.067614 0.166838
0.347736 0.094488 0.037595 0.520181
0.417167 0.107018 0.178635 0.297180
0.396735 0.313216 0.153439 0.136610
0.221645 0.154720 0.327360 0.296276
0.167679 0.257645 0.356141 0.218535
0.302571 0.138909 0.114215 0.444304
0.041292 0.478471 0.248035 0.232202
0.047179 0.184500 0.063217 0.705104
0.184226 0.088562 0.670021 0.057191
0.012679 0.146216 0.526886 0.314218
0.217127 0.184590 0.000705 0.597579
0.002729 0.159053 0.728897 0.109321
0.028969 0.666783 0.056119 0.248128
0.425513 0.054989 0.380283 0.139215
0.531160 0.041505 0.120631 0.306703
0.119033 0.451497 0.305295 0.124175
0.384115 0.007460 0.540408 0.068017
0.238419 0.343557 0.350040 0.067984
0.328586 0.218212 0.093645 0.359557
0.023099 0.353603 0.445559 0.177739
0.248310 0.004746 0.332950 0.413994
0.215821 0.409145 0.277239 0.097796
0.489816 0.266239 0.114736 0.129209
0.193854 0.284832 0.044603 0.476711
0.278236 0.584412 0.059476 0.077876
0.424258 0.048507 0.209020 0.318215
0.472974 0.183938 0.223940 0.119148
0.142615 0.224156 0.086939 0.546290
0.200840 0.176098 0.237045 0.386016
0.271460 0.304090 0.174478 0.249972
0.150832 0.465026 0.007913 0.376229
0.040504 0.178289 0.255811 0.525395
0.129334 0.517338 0.291622 0.061706
0.405563 0.151481 0.387274 0.055683
0.244666 0.392687 0.186923 0.175724
0.264473 0.251015 0.391633 0.092879
0.438545 0.159389 0.334778 0.067289
0.398419 0.317185 0.235741 0.048656
0.048537 0.402460 0.033378 0.515625
0.649055 0.044067 0.260393 0.046485
0.144755 0.376496 0.029498 0.449251
0.157751 0.411760 0.205337 0.225153
0.502927 0.208952 0.241219 0.046902
0.232817 0.002364 0.264075 0.500744
0.139618 0.120680 0.195827 0.543876
0.248387 0.392734 0.103995 0.254884
0.516696 0.103315 0.377332 0.002657
0.052125 0.589754 0.123498 0.234623
0.404930 0.152582 0.043082 0.399406
0.079456 0.837632 0.065638 0.017273
0.261988 0.013108 0.397761 0.327144
0.226675 0.172411 0.378006 0.222908
0.388609 0.076715 0.356234 0.178442
0.758396 0.126259 0.005038 0.110306
0.223847 0.010428 0.117335 0.648390
0.245967 0.508243 0.019766 0.226024
0.128744 0.030189 0.699988 0.141078
0.269516 0.440054 0.002318 0.288112
0.588869 0.132791 0.145403 0.132937
0.069906 0.028621 0.641750 0.259723
0.405181 0.004318 0.125130 0.465371
0.089561 0.258281 0.213978 0.438180
0.228509 0.342335 0.254560 0.174596
0.519191 0.424680 0.013619 0.042509
0.057350 0.425748 0.453265 0.063638
0.014888 0.043286 0.540874 0.400951
0.199263 0.453171 0.209175 0.138391
0.389846 0.240324 0.244359 0.125470
0.010971 0.371610 0.186811 0.430609
0.222621 0.248109 0.317492 0.211778
0.586958 0.027479 0.188724 0.196839
0.705990 0.054488 0.066189 0.173332
0.380701 0.281278 0.139338 0.198683
0.673780 0.185525 0.059719 0.080976
0.477981 0.005523 0.367862 0.148634
0.113166 0.568887 0.012226 0.305721
0.544012 0.087147 0.138436 0.230405
0.181929 0.060558 0.140660 0.616854
0.072389 0.361630 0.089911 0.476071
0.174444 0.269322 0.413399 0.142835
0.264394 0.096124 0.249324 0.390159
0.091856 0.673927 0.225168 0.009049
0.483370 0.141358 0.065278 0.309994
0.384078 0.129822 0.233552 0.252548
0.386710 0.362375 0.009583 0.241331
0.519622 0.271214 0.000205 0.208958
0.110722 0.365235 0.480404 0.043640
0.091080 0.305261 0.540925 0.062735
0.395616 0.043696 0.554656 0.006032
0.167998 0.210944 0.366042 0.255016
0.050162 0.337133 0.392328 0.220377
0.209916 0.090122 0.371261 0.328701
0.120033 0.168385 0.283529 0.428053
0.140979 0.017735 0.115952 0.725333
0.105349 0.348727 0.369582 0.176342
0.176692 0.228661 0.202326 0.392321
0.049311 0.231298 0.294524 0.424867
0.079590 0.495559 0.092046 0.332806
0.146678 0.761887 0.047775 0.043660
0.317225 0.009943 0.122368 0.550464
0.094847 0.446084 0.000727 0.458342
0.244602 0.083515 0.638703 0.033180
0.290472 0.416147 0.181485 0.111896
0.021341 0.493558 0.189057 0.296044
0.383049 0.567521 0.001055 0.048375
0.035694 0.601574 0.235946 0.126786
0.143861 0.490343 0.235773 0.130023
0.597552 0.354865 0.035687 0.011896
0.107100 0.276775 0.455303 0.160822
0.256639 0.254221 0.189578 0.299561
0.222181 0.364811 0.007963 0.405045
0.119360 0.097872 0.664587 0.118181
0.412310 0.051176 0.431611 0.104902
0.040859 0.031001 0.594202 0.333939
0.164134 0.633097 0.129363 0.073406
0.495779 0.000752 0.280234 0.223234
0.334171 0.373104 0.035065 0.257661
0.410695 0.061016 0.278095 0.250194
0.161728 0.046368 0.462373 0.329532
0.108480 0.447521 0.381439 0.062560
0.608398 0.095633 0.281738 0.014230
0.485792 0.257625 0.199752 0.056831
0.144042 0.382769 0.108189 0.365000
0.400183 0.279767 0.201629 0.118421
0.330025 0.056638 0.542742 0.070596
0.351073 0.238514 0.043425 0.366988
0.168638 0.267837 0.493578 0.069948
0.188756 0.361198 0.340986 0.109060
0.225373 0.005307 0.464413 0.304907
0.008369 0.354180 0.526051 0.111401
0.381583 0.479809 0.081104 0.057505
0.569530 0.118552 0.079523 0.232395
0.001411 0.060560 0.485336 0.452694
0.145685 0.412942 0.283876 0.157498
0.726966 0.032175 0.209472 0.031387
0.203586 0.200565 0.112876 0.482974
0.371034 0.240642 0.366733 0.021590
0.523270 0.364360 0.004758 0.107612
0.063267 0.126872 0.624376 0.185485
0.003593 0.200203 0.098489 0.697715
0.104910 0.303839 0.354751 0.236500
0.342298 0.158829 0.216845 0.282028
0.199878 0.055426 0.459344 0.285352
0.031766 0.411639 0.310750 0.245845
0.453991 0.286620 0.248919 0.010470
0.279844 0.426794 0.100243 0.193120
0.222618 0.291720 0.258251 0.227412
0.185953 0.111772 0.529165 0.173109
0.128884 0.208863 0.599241 0.063012
0.208230 0.156074 0.165771 0.469925
0.262342 0.466134 0.122883 0.148641
0.542147 0.292731 0.009772 0.155350
0.045928 0.435321 0.350322 0.168429
0.006989 0.682950 0.126557 0.183504
0.053986 0.160784 0.114381 0.670850
0.004384 0.395460 0.408522 0.191633
0.035290 0.058927 0.795185 0.110598
0.025157 0.687494 0.217651 0.069698
0.611554 0.085999 0.180175 0.122271
0.544988 0.060560 0.321221 0.073231
0.187451 0.726395 0.009573 0.076582
0.050737 0.353406 0.312734 0.283123
0.479791 0.073615 0.103764 0.342831
0.193345 0.585182 0.014996 0.206477
0.176495 0.334418 0.325878 0.163210
0.332513 0.123276 0.312626 0.231585
0.283003 0.317156 0.370290 0.029550
0.292451 0.213880 0.324459 0.169210
0.547752 0.246541 0.166103 0.039604
0.326191 0.000533 0.435722 0.237553
0.015648 0.282920 0.364993 0.336439
0.014505 0.195336 0.341363 0.448795
0.797458 0.164976 0.015712 0.021854
0.553909 0.309989 0.063075 0.073027
0.315231 0.347770 0.084003 0.252996
0.326492 0.254655 0.302229 0.116624
0.194902 0.154886 0.608497 0.041715
0.666542 0.255337 0.021348 0.056773
0.393099 0.027284 0.422510 0.157107
0.420578 0.209865 0.174689 0.194868
0.000614 0.657959 0.307153 0.034274
0.441319 0.355150 0.194728 0.008803
0.157315 0.354554 0.077267 0.410865
0.283772 0.118417 0.200512 0.397299
0.401520 0.078652 0.505618 0.014210
0.612010 0.250530 0.006230 0.131230
0.159221 0.369519 0.170333 0.300927
0.000400 0.231114 0.219590 0.548896
0.182012 0.052134 0.379390 0.386463
0.142308 0.003955 0.425880 0.427857
0.237961 0.060049 0.185986 0.516003
0.008905 0.494762 0.043534 0.452799
0.125202 0.000807 0.211603 0.662388
0.775208 0.047263 0.132453 0.045076
0.055485 0.222001 0.524932 0.197582
0.119356 0.316267 0.559516 0.004861
0.111041 0.363548 0.312389 0.213021
0.259723 0.108641 0.335517 0.296119
0.144116 0.229727 0.003416 0.622741
0.013741 0.315696 0.145269 0.525294
0.059709 0.094987 0.311834 0.533470
0.095773 0.125872 0.708908 0.069446
0.499216 0.156855 0.338286 0.005642
0.590923 0.245508 0.112332 0.051237
0.470307 0.336337 0.090332 0.103024
0.340200 0.606361 0.004310 0.049129
0.229856 0.320581 0.085962 0.363601
0.218488 0.138090 0.512102 0.131320
0.383251 0.000195 0.387079 0.229474
0.082359 0.334733 0.138045 0.444863
0.110403 0.580960 0.278630 0.030007
0.167662 0.070951 0.731259 0.030127
0.057479 0.063311 0.093791 0.785419
0.702872 0.041355 0.142248 0.113525
0.002849 0.503157 0.110949 0.383046
0.046351 0.733691 0.021608 0.198351
0.089518 0.401507 0.155506 0.353469
0.138051 0.104000 0.096752 0.661197
0.403329 0.337828 0.099043 0.159800
0.213921 0.005485 0.535527 0.245067
0.171120 0.423089 0.115055 0.290736
0.015827 0.465634 0.000387 0.518152
0.037580 0.294058 0.609076 0.059286
0.095452 0.144823 0.575045 0.184680
0.004778 0.438363 0.067318 0.489541
0.273990 0.201237 0.004743 0.520030
0.510646 0.027448 0.224198 0.237708
0.196996 0.115898 0.409526 0.277580
0.314200 0.440207 0.240805 0.004788
0.426443 0.206844 0.292524 0.074189
0.491017 0.157591 0.150383 0.201009
0.296316 0.055051 0.526444 0.122189
0.146896 0.453726 0.321286 0.078091
0.381543 0.110663 0.140289 0.367505
0.117647 0.032142 0.564363 0.285848
0.094858 0.169471 0.511780 0.223891
0.287312 0.044859 0.418521 0.249308
0.397831 0.410113 0.080715 0.111342
0.246241 0.271620 0.068767 0.413373
0.191135 0.083703 0.305990 0.419172
0.257629 0.069617 0.073909 0.598845
0.150958 0.002037 0.253866 0.593139
0.015523 0.126628 0.394503 0.463346
0.259493 0.418283 0.316813 0.005411
0.281077 0.063535 0.475107 0.180280
0.285388 0.336839 0.191417 0.186356
0.536120 0.162172 0.078831 0.222877
0.175505 0.114558 0.598624 0.111313
0.069795 0.624249 0.109845 0.196112
0.585125 0.007533 0.044925 0.362416
0.072752 0.110855 0.568673 0.247721
0.484149 0.196429 0.068720 0.250702
0.234590 0.581075 0.178190 0.006144
0.016412 0.053643 0.278474 0.651470
0.151774 0.317845 0.059056 0.471326
0.006462 0.222370 0.437043 0.334125
0.009360 0.228400 0.533073 0.229168
0.049145 0.304744 0.459597 0.186514
0.188393 0.149214 0.220578 0.441814
0.666345 0.103569 0.124035 0.106050
0.072464 0.795231 0.071295 0.061010
0.486440 0.350302 0.161088 0.002170
0.061517 0.154105 0.510661 0.273717
0.239405 0.213326 0.527471 0.019798
0.090176 0.431004 0.238082 0.240738
0.075536 0.061945 0.013591 0.848928
0.337139 0.315785 0.019873 0.327203
0.203312 0.667057 0.012043 0.117588
0.046612 0.552979 0.370678 0.029731
0.192890 0.244812 0.047375 0.514924
0.004538 0.756172 0.048979 0.190311
0.630055 0.035765 0.103129 0.231051
0.314469 0.178704 0.295638 0.211189
0.085973 0.085347 0.377552 0.451129
0.162496 0.181521 0.116468 0.539516
0.012576 0.618047 0.021388 0.347990
0.103541 0.713368 0.123785 0.059306
0.382890 0.107631 0.046043 0.463436
0.312409 0.176691 0.065511 0.445388
0.301097 0.101500 0.060747 0.536656
0.310553 0.151673 0.177767 0.360007
0.322430 0.341564 0.202280 0.133725
0.394993 0.296131 0.064334 0.244541
0.083283 0.030743 0.140634 0.745340
0.195473 0.355030 0.198592 0.250905
0.367808 0.434500 0.046105 0.151587
0.159998 0.309692 0.426212 0.104097
0.084518 0.042654 0.781552 0.091276
0.240826 0.402322 0.000207 0.356644
0.113816 0.317248 0.180551 0.388384
0.241434 0.186586 0.126860 0.445120
0.338822 0.076884 0.376019 0.208275
0.006187 0.301543 0.399968 0.292303
0.368000 0.406080 0.218348 0.007572
0.463631 0.001820 0.143179 0.391371
0.345663 0.285945 0.186854 0.181538
0.227329 0.382214 0.088543 0.301915
0.302291 0.672979 0.015997 0.008733
0.558619 0.063645 0.375553 0.002183
0.166030 0.251638 0.140238 0.442094
0.270631 0.589400 0.123785 0.016184
0.499550 0.039573 0.277142 0.183734
0.234894 0.144166 0.265152 0.355788
0.116040 0.242301 0.274145 0.367514
0.044813 0.156628 0.173559 0.625000
0.151675 0.225770 0.443789 0.178767
0.367281 0.249376 0.139844 0.243499
0.441769 0.386512 0.108774 0.062944
0.102841 0.674084 0.073057 0.150017
0.045959 0.223599 0.589324 0.141118
0.218788 0.205127 0.433620 0.142465
0.291260 0.324376 0.248462 0.135903
0.071257 0.007366 0.516738 0.404639
0.005295 0.073550 0.596151 0.325003
0.006810 0.040776 0.679408 0.273006
0.513011 0.003253 0.030204 0.453532
0.200487 0.275503 0.117725 0.406285
0.305008 0.373111 0.232155 0.089725
0.278064 0.565417 0.022474 0.134044
0.341040 0.045616 0.179590 0.433755
0.326705 0.486644 0.084311 0.102340
0.000413 0.255895 0.468546 0.275146
0.127443 0.082400 0.312381 0.477776
0.301158 0.467762 0.168110 0.062971
0.218830 0.069099 0.266792 0.445279
0.403379 0.292410 0.001698 0.302513
0.211848 0.252271 0.264589 0.271292
0.637917 0.023052 0.060385 0.278646
0.766735 0.014676 0.083897 0.134692
0.426661 0.251205 0.144552 0.177582
0.042055 0.013841 0.000532 0.943572
0.089807 0.258365 0.142469 0.509359
0.039664 0.557363 0.263876 0.139097
0.052403 0.630424 0.244075 0.073097
0.449747 0.143165 0.301962 0.105127
0.451070 0.208230 0.031625 0.309075
0.035497 0.401977 0.250290 0.312236
0.106575 0.105371 0.479513 0.308541
0.071241 0.464751 0.157493 0.306515
0.330542 0.213170 0.183769 0.272518
0.042852 0.425998 0.181333 0.349816
0.289059 0.139512 0.474428 0.097000
0.028906 0.248599 0.251525 0.470970
0.114842 0.344335 0.237888 0.302935
0.237232 0.537192 0.058900 0.166676
0.238477 0.069179 0.003298 0.689046
0.125423 0.113941 0.392504 0.368132
0.025052 0.801460 0.109774 0.063714
0.106450 0.397692 0.386870 0.108988
0.150360 0.452042 0.224705 0.172894
0.481960 0.307553 0.066572 0.143915
0.128234 0.092117 0.435747 0.343902
0.074416 0.273790 0.106108 0.545687
0.088153 0.293924 0.259345 0.358578
0.220400 0.063281 0.516082 0.200237
0.539542 0.009360 0.447846 0.003252
0.056477 0.371044 0.006827 0.565653
0.448183 0.339343 0.000952 0.211522
0.746479 0.079330 0.085344 0.088847
0.262582 0.106229 0.448981 0.182208
0.018616 0.776882 0.084190 0.120311
0.296646 0.171007 0.415616 0.116731
0.587310 0.074938 0.017085 0.320667
0.151672 0.580110 0.101385 0.166833
0.132895 0.171162 0.399032 0.296911
0.030421 0.326932 0.055564 0.587084
0.328160 0.301705 0.144139 0.225996
0.787303 0.031482 0.013790 0.167426
0.057711 0.652719 0.017835 0.271735
0.403812 0.525207 0.037279 0.033702
0.048047 0.046437 0.320225 0.585291
0.440920 0.392755 0.157211 0.009114
0.356539 0.430673 0.160938 0.051850
0.377018 0.142002 0.374660 0.106320
0.030192 0.115786 0.499400 0.354622
0.301463 0.094941 0.107823 0.495773
0.024887 0.236475 0.705198 0.033439
0.225075 0.336559 0.394673 0.043693
0.122354 0.146355 0.161502 0.569788
0.024543 0.300428 0.535386 0.139642
0.333033 0.045141 0.123525 0.498300
0.051651 0.485404 0.039693 0.423253
0.098836 0.055868 0.482056 0.363240
0.322054 0.404131 0.105026 0.168789
0.643236 0.084263 0.043539 0.228961
0.528079 0.231184 0.033621 0.207116
0.341706 0.204370 0.046459 0.407464
0.323202 0.305167 0.314367 0.057264
0.453223 0.087484 0.250041 0.209251
0.448623 0.109457 0.391184 0.050735
0.243811 0.357183 0.172544 0.226461
0.026491 0.074696 0.190210 0.708604
0.521592 0.192885 0.007890 0.277633
0.694369 0.200171 0.069632 0.035828
0.040927 0.478665 0.442967 0.037441
0.541489 0.238638 0.104606 0.115267
0.470504 0.038010 0.144424 0.347062
0.412593 0.023721 0.323030 0.240656
0.047139 0.434060 0.125901 0.392900
0.165935 0.142709 0.048847 0.642509
0.041090 0.316384 0.308070 0.334456
0.202217 0.487130 0.154880 0.155772
0.398612 0.002206 0.222311 0.376870
0.442970 0.415126 0.023011 0.118892
0.154484 0.260377 0.294518 0.290622
0.253352 0.090717 0.201399 0.454532
0.116364 0.261960 0.533727 0.087949
0.091556 0.530801 0.184090 0.193553
0.590015 0.171955 0.098214 0.139816
0.649628 0.050549 0.143929 0.155894
0.315560 0.134882 0.531185 0.018373
0.294320 0.632065 0.016198 0.057417
0.264776 0.543260 0.167694 0.024271
0.413999 0.129668 0.298607 0.157726
0.028936 0.535668 0.146687 0.288709
0.253548 0.057928 0.534255 0.154270
0.006558 0.275556 0.608718 0.109168
0.405906 0.296597 0.096196 0.201301
0.007411 0.210122 0.189824 0.592642
0.013310 0.041185 0.055500 0.890005
0.331325 0.052223 0.422321 0.194132
0.006109 0.586013 0.110289 0.297588
0.160468 0.322207 0.213367 0.303958
0.252442 0.648032 0.013541 0.085985
0.154688 0.185423 0.522021 0.137868
0.012812 0.317374 0.279294 0.390520
0.342825 0.101546 0.198219 0.357410
0.210199 0.443793 0.298412 0.047596
0.072092 0.393843 0.344223 0.189842
0.335063 0.172901 0.488721 0.003315
0.225951 0.189592 0.173574 0.410882
0.001078 0.236287 0.602275 0.160359
0.099709 0.355913 0.006483 0.537894
0.051458 0.251057 0.348814 0.348671
0.052642 0.270932 0.192620 0.483806
0.288133 0.271904 0.217542 0.222421
0.676771 0.164271 0.004375 0.154583
0.113396 0.059465 0.634509 0.192630
0.225596 0.302950 0.002706 0.468748
0.423935 0.146184 0.224641 0.205239
0.047716 0.008442 0.474466 0.469377
0.053346 0.141527 0.073392 0.731734
0.497043 0.184653 0.172875 0.145429
0.296061 0.524333 0.007196 0.172411
0.113667 0.195389 0.448553 0.242390
0.324415 0.276045 0.061836 0.337704
0.581773 0.207101 0.202952 0.008174
0.213663 0.514314 0.060247 0.211776
0.373391 0.082761 0.443861 0.099987
0.231460 0.308111 0.324598 0.135831
0.182699 0.544245 0.242470 0.030586
0.461142 0.103372 0.054266 0.381220
0.179706 0.497473 0.298831 0.023991
0.042096 0.492866 0.278500 0.186538
0.176595 0.025635 0.779297 0.018473
0.101699 0.400392 0.046352 0.451558
0.264719 0.366557 0.314489 0.054236
0.080866 0.075470 0.723151 0.120513
0.240473 0.621406 0.009080 0.129041
0.141270 0.184324 0.309844 0.364562
0.348889 0.199556 0.350626 0.100929
0.482297 0.087165 0.308722 0.121816
0.363117 0.507041 0.002771 0.127071
0.457443 0.067244 0.381110 0.094203
0.146600 0.341973 0.152453 0.358974
0.092901 0.307536 0.299363 0.300200
0.289351 0.513275 0.194238 0.003136
0.258468 0.215031 0.182524 0.343977
0.187079 0.006019 0.080578 0.726324
0.118462 0.055296 0.596211 0.230030
0.217981 0.242859 0.394567 0.144593
0.149731 0.632465 0.022997 0.194806
0.034425 0.400460 0.464986 0.100129
0.405579 0.429868 0.011477 0.153076
0.004487 0.488645 0.420793 0.086075
0.129350 0.076774 0.372255 0.421622
0.277226 0.068636 0.326147 0.327991
0.215984 0.144016 0.553590 0.086410
0.295382 0.439209 0.047958 0.217450
0.011316 0.363811 0.083067 0.541805
0.503901 0.138818 0.237389 0.119892
0.260688 0.276239 0.265329 0.197744
0.228382 0.042983 0.421806 0.306829
0.097508 0.460465 0.279987 0.162040
0.128657 0.252960 0.177561 0.440822
0.209582 0.379571 0.202365 0.208482
0.261434 0.237761 0.445404 0.055401
0.050419 0.603535 0.152297 0.193750
0.054436 0.577665 0.012482 0.355416
0.230026 0.188990 0.321107 0.259877
0.204856 0.158838 0.067518 0.568788
0.034891 0.410168 0.527858 0.027082
0.087589 0.246119 0.257006 0.409286
0.001485 0.391025 0.036875 0.570615
0.101477 0.131019 0.050071 0.717433
0.390441 0.157288 0.188457 0.263814
0.296881 0.050373 0.644858 0.007889
0.187018 0.448193 0.145744 0.219044
0.258458 0.008199 0.215394 0.517949
0.217703 0.680717 0.041201 0.060379
0.012740 0.570818 0.217926 0.198516
0.308274 0.059378 0.583333 0.049015
0.261741 0.184169 0.069551 0.484538
0.253780 0.642931 0.056319 0.046971
0.550724 0.162864 0.163043 0.123369
0.570900 0.002934 0.150950 0.275217
0.334390 0.374596 0.149276 0.141737
0.252442 0.017443 0.283073 0.447042
0.296757 0.446437 0.140677 0.116129
0.343594 0.538894 0.106527 0.010985
0.634538 0.142396 0.116640 0.106426
0.699616 0.099862 0.018466 0.182055
0.175879 0.055680 0.098964 0.669478
0.304893 0.508835 0.114753 0.071518
0.120010 0.050534 0.231248 0.598207
0.216133 0.629771 0.110187 0.043909
0.226882 0.121125 0.152488 0.499505
0.210585 0.203918 0.281345 0.304152
0.271265 0.389856 0.132489 0.206389
0.566461 0.329947 0.074055 0.029538
0.001116 0.109118 0.347004 0.542761
0.204381 0.523790 0.270752 0.001077
0.149818 0.256943 0.045711 0.547527
0.421472 0.119562 0.130121 0.328844
0.084747 0.029385 0.376464 0.509404
0.245046 0.001608 0.497386 0.255960
0.123885 0.437342 0.413920 0.024853
0.367091 0.173274 0.080008 0.379627
0.377698 0.091184 0.115030 0.416087
0.074906 0.519026 0.356391 0.049677
0.090909 0.001995 0.198734 0.708362
0.121640 0.188478 0.122067 0.567815
0.476657 0.109081 0.411476 0.002786
0.445878 0.167560 0.014578 0.371984
0.088587 0.261581 0.376302 0.273530
0.376295 0.068772 0.169766 0.385167
0.133740 0.322420 0.026415 0.517425
0.040399 0.446444 0.226744 0.286413
0.509223 0.112596 0.341525 0.036657
0.199534 0.445142 0.041951 0.313374
0.125260 0.398725 0.451615 0.024400
0.282003 0.017303 0.318989 0.381706
0.287882 0.010967 0.587187 0.113965
0.159450 0.073250 0.483340 0.283961
0.012550 0.283875 0.061573 0.642003
0.157379 0.515796 0.135346 0.191478
0.150355 0.446152 0.358332 0.045161
0.101037 0.135562 0.366795 0.396605
0.209188 0.000854 0.349374 0.440585
0.306741 0.043530 0.179370 0.470359
0.055830 0.201828 0.693841 0.048501
0.183390 0.590150 0.144003 0.082457
0.235332 0.018846 0.646327 0.099495
0.402164 0.180929 0.113283 0.303623
0.307536 0.419528 0.012530 0.260406
0.535669 0.140013 0.119787 0.204531
0.206352 0.537465 0.198960 0.057224
0.031186 0.339742 0.573011 0.056061
0.170537 0.063924 0.593453 0.172086
0.203548 0.373499 0.044795 0.378158
0.045772 0.119959 0.246214 0.588055
0.184388 0.263419 0.310040 0.242153
0.424913 0.125333 0.356307 0.093447
0.248735 0.003339 0.377989 0.369936
0.126167 0.234644 0.357491 0.281697
0.525187 0.368971 0.102446 0.003396
0.055515 0.531268 0.313260 0.099957
0.375081 0.395608 0.129237 0.100074
0.198409 0.000506 0.264281 0.536804
0.481666 0.234027 0.114627 0.169681
0.300037 0.061283 0.249807 0.388873
0.306829 0.098191 0.434621 0.160358
0.024933 0.619746 0.284690 0.070630
0.100757 0.282416 0.057536 0.559291
0.130908 0.300731 0.413200 0.155161
0.190948 0.278523 0.226878 0.303650
0.667407 0.130503 0.136145 0.065945
0.494437 0.003923 0.071613 0.430027
0.211251 0.106280 0.313603 0.368865
0.136433 0.198220 0.073393 0.591955
0.345703 0.085313 0.258025 0.310959
0.383839 0.257451 0.038983 0.319727
0.006812 0.237295 0.329806 0.426087
0.266522 0.043889 0.147151 0.542438
0.320206 0.474762 0.031203 0.173829
0.167695 0.128273 0.154454 0.549579
0.569594 0.024441 0.350041 0.055924
0.501359 0.104591 0.004480 0.389570
0.256690 0.343668 0.087134 0.312507
0.167395 0.395251 0.432852 0.004502
0.233062 0.001520 0.564165 0.201253
0.068841 0.142999 0.687421 0.100739
0.440837 0.357471 0.157746 0.043946
0.543882 0.008402 0.096719 0.350997
0.279178 0.097805 0.478320 0.144697
0.322314 0.014596 0.017995 0.645095
0.280488 0.299595 0.101511 0.318406
0.442412 0.155689 0.172852 0.229047
0.124773 0.423641 0.068785 0.382801
0.464249 0.457042 0.024729 0.053980
0.258065 0.198377 0.480974 0.062585
0.114485 0.628034 0.136685 0.120797
0.830210 0.037380 0.125335 0.007075
0.271113 0.322678 0.060637 0.345572
0.409009 0.093271 0.308488 0.189231
0.081010 0.155960 0.734242 0.028788
0.216172 0.081121 0.114349 0.588357
0.082916 0.756753 0.130565 0.029765
0.583236 0.135886 0.182193 0.098685
0.044820 0.046705 0.679559 0.228917
0.144400 0.124701 0.000577 0.730322
0.831036 0.021097 0.051664 0.096203
0.021602 0.123123 0.755304 0.099971
0.055782 0.457356 0.480519 0.006343
0.126681 0.221388 0.639342 0.012589
0.329685 0.024470 0.243006 0.402840
0.145580 0.309014 0.138406 0.407000
0.061847 0.023830 0.767434 0.146888
0.290653 0.268363 0.434821 0.006163
0.041800 0.138045 0.396788 0.423367
0.303861 0.289548 0.131264 0.275327
0.232110 0.209564 0.366084 0.192242
0.408268 0.439765 0.104152 0.047814
0.190388 0.305598 0.499123 0.004891
0.440509 0.037089 0.238317 0.284086
0.592770 0.026890 0.223857 0.156483
0.129016 0.626610 0.183298 0.061076
0.223452 0.094082 0.467052 0.215414
0.252647 0.019687 0.049664 0.678001
0.660457 0.078547 0.074821 0.186174
0.257489 0.302694 0.031918 0.407900
0.137110 0.350073 0.426240 0.086577
0.112682 0.462327 0.156079 0.268911
0.241704 0.376488 0.249561 0.132247
0.328711 0.151232 0.016467 0.503590
0.518438 0.138856 0.030460 0.312245
0.016559 0.357026 0.353208 0.273208
0.255323 0.258002 0.308940 0.177735
0.175159 0.381558 0.301303 0.141980
0.266452 0.509647 0.151143 0.072758
0.415510 0.252018 0.288785 0.043687
0.351860 0.067977 0.016571 0.563592
0.000000 0.463276 0.170186 0.366538
0.110731 0.180978 0.198768 0.509522
0.255272 0.320037 0.283577 0.141114
0.070515 0.243047 0.303150 0.383287
0.078904 0.201826 0.417934 0.301336
0.069860 0.412398 0.090892 0.426850
0.778802 0.086341 0.029538 0.105319
0.552632 0.063724 0.279911 0.103733
0.289262 0.159917 0.214142 0.336678
0.359646 0.304852 0.195851 0.139651
0.252126 0.292418 0.159687 0.295770
0.105804 0.412939 0.303218 0.178039
0.325834 0.241924 0.139688 0.292555
0.039026 0.003361 0.274740 0.682873
0.284549 0.242478 0.115343 0.357630
0.052277 0.141108 0.453902 0.352713
0.035191 0.080512 0.033769 0.850529
0.316667 0.094561 0.504912 0.083860
0.414343 0.166304 0.001220 0.418133
0.273590 0.132581 0.294987 0.298841
0.341758 0.257333 0.225648 0.175261
0.388028 0.346250 0.062623 0.203098
0.633659 0.229895 0.086138 0.050308
0.347186 0.367779 0.205399 0.079636
0.138696 0.440129 0.002077 0.419099
0.125522 0.154815 0.050654 0.669009
0.184337 0.665097 0.115600 0.034967
0.133357 0.119131 0.284954 0.462559
0.239482 0.429397 0.116048 0.215073
0.053405 0.726882 0.104391 0.115323
0.174178 0.198030 0.269930 0.357862
0.301280 0.399664 0.286498 0.012557
0.312099 0.584008 0.095800 0.008094
0.054468 0.087489 0.236340 0.621702
0.553652 0.002464 0.391669 0.052215
0.057375 0.246343 0.006351 0.689931
0.133714 0.085762 0.200154 0.580370
0.058797 0.027904 0.271154 0.642145
0.363238 0.009365 0.064739 0.562658
0.057646 0.660689 0.262610 0.019055
0.067533 0.204045 0.079451 0.648971
0.294581 0.041967 0.450224 0.213228
0.328333 0.495312 0.150591 0.025764
0.030009 0.139697 0.022765 0.807528
0.160346 0.123613 0.374802 0.341239
0.156483 0.022088 0.380092 0.441337
0.223908 0.345891 0.162288 0.267912
0.042664 0.479568 0.096794 0.380975
0.080304 0.415757 0.283845 0.220094
0.348389 0.195948 0.130056 0.325607
0.622214 0.110856 0.232175 0.034755
0.093275 0.168426 0.378502 0.359797
0.145610 0.650248 0.089888 0.114254
0.168190 0.034932 0.044333 0.752544
0.134729 0.140633 0.094686 0.629952
0.001179 0.541478 0.062791 0.394552
0.371476 0.034134 0.400713 0.193677
0.028419 0.346771 0.112557 0.512254
0.228907 0.265866 0.143523 0.361704
0.226032 0.297005 0.409960 0.067003
0.242446 0.204092 0.040417 0.513045
0.425528 0.291361 0.203958 0.079154
0.301234 0.162382 0.273868 0.262517
0.165013 0.218671 0.110681 0.505635
0.093040 0.038200 0.543926 0.324834
0.639641 0.000000 0.312219 0.048140
0.162798 0.045242 0.309589 0.482372
0.155168 0.116772 0.515358 0.212701
0.189368 0.210632 0.590132 0.009868
0.161985 0.018323 0.196564 0.623128
0.707489 0.079880 0.078269 0.134362
0.599983 0.217174 0.025555 0.157288
0.414392 0.186995 0.370069 0.028544
0.376388 0.221222 0.210577 0.191813
0.003465 0.465194 0.462298 0.069042
0.092353 0.882347 0.006943 0.018356
0.299298 0.160378 0.051906 0.488418
0.132047 0.099769 0.068736 0.699449
0.368079 0.068098 0.288818 0.275005
0.336379 0.050589 0.253378 0.359654
0.587031 0.177036 0.161025 0.074909
0.089354 0.249513 0.048293 0.612840
0.160456 0.208931 0.408825 0.221787
0.258927 0.354731 0.382918 0.003423
0.500391 0.020448 0.168431 0.310730
0.051135 0.083881 0.428144 0.436840
0.468750 0.347671 0.044558 0.139021
0.632734 0.287414 0.074110 0.005743
0.452150 0.045525 0.003229 0.499096
0.070139 0.526916 0.123237 0.279709
0.164870 0.109790 0.224360 0.500980
0.181837 0.235226 0.447671 0.135266
0.248829 0.238320 0.283099 0.229752
0.069707 0.387404 0.537407 0.005482
0.060247 0.012891 0.116285 0.810576
0.105628 0.211816 0.567829 0.114728
0.049022 0.537465 0.214768 0.198745
0.265607 0.441124 0.247329 0.045940
0.372147 0.364159 0.243026 0.020668
0.517300 0.001541 0.343396 0.137762
0.160926 0.054030 0.695624 0.089420
0.500083 0.132149 0.200686 0.167082
0.363730 0.251217 0.174308 0.210745
0.204882 0.040112 0.262574 0.492433
0.445162 0.160479 0.241441 0.152918
0.428544 0.371169 0.039332 0.160955
0.508509 0.040026 0.429552 0.021912
0.536809 0.007712 0.365415 0.090063
0.146799 0.400850 0.404380 0.047970
0.376466 0.430521 0.003129 0.189884
0.733810 0.077302 0.031587 0.157302
0.170931 0.154240 0.586489 0.088340
0.006573 0.536390 0.305226 0.151811
0.027160 0.630138 0.065751 0.276951
0.198457 0.553427 0.058829 0.189287
0.270168 0.147995 0.021509 0.560329
0.458683 0.028559 0.493264 0.019495
0.033813 0.279519 0.425184 0.261485
0.314773 0.263092 0.102715 0.319420
0.550015 0.101221 0.055597 0.293168
0.719480 0.218747 0.060698 0.001075
0.367109 0.130615 0.070255 0.432021
0.427581 0.035818 0.061746 0.474855
0.122970 0.547053 0.106256 0.223721
0.372493 0.032538 0.350503 0.244465
0.566962 0.134771 0.233189 0.065078
0.341428 0.414878 0.041697 0.201997
0.021961 0.502184 0.220248 0.255607
0.002932 0.319503 0.316220 0.361345
0.201046 0.533259 0.159620 0.106075
0.189037 0.146512 0.475415 0.189037
0.192460 0.000132 0.606512 0.200896
0.221036 0.186872 0.482176 0.109917
0.107446 0.316110 0.098834 0.477610
0.562586 0.081955 0.163493 0.191966
0.200521 0.421149 0.123762 0.254568
0.019750 0.240191 0.105039 0.635019
0.356596 0.094224 0.476712 0.072468
0.096022 0.666024 0.169704 0.068250
0.184173 0.647560 0.005101 0.163165
0.403346 0.100266 0.356319 0.140068
0.406594 0.025851 0.270608 0.296947
0.492745 0.040478 0.197138 0.269639
0.505797 0.071155 0.358381 0.064667
0.041637 0.744395 0.192485 0.021483
0.639856 0.232540 0.122965 0.004639
0.104645 0.296390 0.483842 0.115122
0.151070 0.192538 0.214742 0.441651
0.038761 0.117031 0.600673 0.243535
0.057705 0.216921 0.164250 0.561124
0.015416 0.175196 0.316752 0.492636
0.020633 0.482961 0.381551 0.114855
0.005128 0.606752 0.226838 0.161282
0.383529 0.046269 0.053891 0.516311
0.163810 0.139834 0.320523 0.375833
0.266315 0.234247 0.099836 0.399602
0.191343 0.355195 0.097563 0.355899
0.291502 0.242583 0.195924 0.269992
0.217568 0.049139 0.385997 0.347296
0.117604 0.570509 0.146392 0.165495
0.183528 0.085682 0.166677 0.564113
0.339011 0.305975 0.272329 0.082686
0.205887 0.069738 0.045851 0.678524
0.075075 0.371386 0.201714 0.351825
0.036681 0.340439 0.212854 0.410025
0.066914 0.498607 0.161304 0.273174
0.528836 0.193383 0.261085 0.016696
0.172899 0.053386 0.416049 0.357666
0.317893 0.186506 0.131756 0.363845
0.427065 0.328067 0.236816 0.008053
0.445998 0.147278 0.105999 0.300725
0.094466 0.610199 0.036620 0.258714
0.490489 0.287598 0.220700 0.001214
0.357981 0.430281 0.086915 0.124823
0.276556 0.040622 0.249428 0.433394
0.309158 0.098793 0.159793 0.432257
0.574241 0.263631 0.036041 0.126087
0.618597 0.189991 0.165996 0.025416
0.303173 0.291327 0.306399 0.099101
0.473985 0.276231 0.007016 0.242768
0.386058 0.125914 0.427743 0.060285
0.000062 0.193855 0.271671 0.534412
0.521669 0.061560 0.084397 0.332374
0.719040 0.152620 0.047436 0.080904
0.123550 0.461787 0.061492 0.353171
0.102047 0.765915 0.028471 0.103567
0.138937 0.152754 0.563139 0.145171
0.037901 0.333378 0.500907 0.127814
0.083365 0.000636 0.625175 0.290823
0.020951 0.047195 0.428756 0.503098
0.542157 0.284474 0.061896 0.111474
0.205827 0.172679 0.360396 0.261097
0.708500 0.103055 0.127354 0.061091
0.356364 0.342754 0.296229 0.004652
0.396938 0.219251 0.105508 0.278303
0.265365 0.138402 0.415025 0.181207
0.020847 0.176502 0.481218 0.321433
0.117068 0.794884 0.082800 0.005247
0.176326 0.128392 0.639165 0.056116
0.265233 0.363448 0.281954 0.089365
0.408067 0.212814 0.143310 0.235808
0.282678 0.571525 0.095101 0.050696
0.555592 0.178589 0.016273 0.249546
0.119875 0.267098 0.380508 0.232520
0.370885 0.178625 0.408960 0.041531
0.187473 0.137429 0.670756 0.004342
0.343379 0.039486 0.471075 0.146060
0.129126 0.312711 0.215424 0.342739
0.702293 0.068034 0.214512 0.015161
0.434888 0.312142 0.130499 0.122471
0.094875 0.388737 0.232928 0.283460
0.183515 0.367355 0.029740 0.419389
0.038593 0.064259 0.220913 0.676236
0.196771 0.480032 0.242304 0.080893
0.257783 0.116973 0.510052 0.115192
0.050172 0.245842 0.176531 0.527455
0.143913 0.463755 0.390731 0.001601
0.489811 0.059198 0.075479 0.375512
0.216016 0.403799 0.041355 0.338830
0.435161 0.153641 0.057635 0.353563
0.220825 0.274544 0.462925 0.041706
0.053513 0.264297 0.537582 0.144608
0.076129 0.396237 0.131616 0.396018
0.144111 0.370483 0.000305 0.485101
0.371513 0.119975 0.293214 0.215297
0.322163 0.021955 0.546029 0.109853
0.299246 0.148338 0.154057 0.398359
0.153469 0.385339 0.133820 0.327372
0.084557 0.653731 0.110721 0.150990
0.039520 0.607796 0.187298 0.165385
0.096368 0.493637 0.030669 0.379325
0.085923 0.230695 0.189045 0.494336
0.122923 0.033977 0.321200 0.521900
0.074196 0.101296 0.271065 0.553443
0.087986 0.208701 0.289563 0.413750
0.000074 0.078049 0.509710 0.412167
0.189055 0.186820 0.437549 0.186577
0.479676 0.363470 0.095497 0.061357
0.366992 0.105294 0.210053 0.317662
0.311695 0.352399 0.290653 0.045253
0.249937 0.099958 0.127419 0.522687
0.288151 0.449457 0.207742 0.054651
0.219448 0.203321 0.212599 0.364632
0.276653 0.390283 0.017004 0.316059
0.099695 0.333823 0.318187 0.248295
0.603767 0.030819 0.056772 0.308642
0.483321 0.302996 0.118537 0.095146
0.110184 0.180614 0.251607 0.457596
0.276221 0.050007 0.566315 0.107457
0.083057 0.025122 0.014021 0.877799
0.841611 0.094765 0.010112 0.053512
0.674945 0.270021 0.047806 0.007228
0.356797 0.085171 0.074592 0.483440
0.080449 0.486366 0.204506 0.228679
0.421540 0.478286 0.095594 0.004580
0.185410 0.325093 0.168746 0.320751
0.432287 0.016273 0.402286 0.149154
0.125099 0.433459 0.193871 0.247570
0.106780 0.170779 0.622365 0.100076
0.370061 0.172368 0.161319 0.296252
0.376861 0.044510 0.465881 0.112748
0.003292 0.651803 0.160266 0.184639
0.102753 0.479380 0.393273 0.024594
0.025552 0.526055 0.434843 0.013550
0.654811 0.004560 0.014744 0.325885
0.252418 0.256886 0.485124 0.005572
0.033582 0.084222 0.591551 0.290645
0.436164 0.085655 0.462348 0.015833
0.109125 0.466286 0.110266 0.314322
0.300762 0.281454 0.010404 0.407380
0.664796 0.002770 0.135379 0.197055
0.463050 0.418711 0.088005 0.030234
0.613829 0.127209 0.023027 0.235935
0.020877 0.417094 0.424238 0.137791
0.346548 0.151039 0.135752 0.366662
0.104340 0.233251 0.320267 0.342142
0.131366 0.298088 0.292344 0.278202
0.184317 0.321440 0.229079 0.265164
0.217560 0.065510 0.330676 0.386254
0.116528 0.414882 0.331888 0.136701
0.203328 0.596390 0.157418 0.042865
0.644140 0.139695 0.177794 0.038371
0.189926 0.308923 0.356465 0.144686
0.367058 0.356830 0.159156 0.116956
0.595273 0.076912 0.320732 0.007084
0.206015 0.063619 0.492017 0.238349
0.449055 0.310746 0.161024 0.079174
0.370776 0.276489 0.066438 0.286297
0.237648 0.279017 0.210209 0.273127
0.517719 0.358870 0.055727 0.067684
0.101842 0.196744 0.517713 0.183701
0.002615 0.405548 0.132676 0.459160
0.189624 0.003717 0.572588 0.234072
0.408975 0.007596 0.178669 0.404760
0.343809 0.112560 0.282013 0.261618
0.035360 0.207610 0.265560 0.491470
0.438572 0.075157 0.127401 0.358870
0.544159 0.002313 0.137571 0.315957
0.399054 0.271350 0.240649 0.088948
0.159541 0.544677 0.047346 0.248436
0.053158 0.221697 0.342309 0.382836
0.042044 0.175442 0.625779 0.156734
0.206045 0.382998 0.364592 0.046365
0.267084 0.225137 0.024100 0.483679
0.386123 0.013128 0.093145 0.507604
0.163647 0.408388 0.324886 0.103079
0.378621 0.038701 0.240640 0.342038
0.376921 0.182986 0.294518 0.145575
0.301951 0.168139 0.382539 0.147371
0.380991 0.248411 0.006357 0.364242
0.069364 0.173517 0.269278 0.487842
0.163454 0.210411 0.334993 0.291142
0.309912 0.160291 0.342711 0.187086
0.111793 0.326170 0.432700 0.129336
0.585802 0.054480 0.145136 0.214582
0.296821 0.098837 0.275110 0.329232
0.361820 0.111897 0.375272 0.151011
0.123333 0.234466 0.150211 0.491991
0.420949 0.057386 0.090152 0.431513
0.017358 0.320196 0.445614 0.216831
0.169985 0.409344 0.247014 0.173657
0.082022 0.018914 0.289833 0.609231
0.181829 0.195376 0.053845 0.568950
0.439494 0.130194 0.426423 0.003888
0.031542 0.082781 0.560444 0.325234
0.297555 0.004106 0.402311 0.296028
0.064055 0.268938 0.457296 0.209710
0.468071 0.017210 0.256114 0.258605
0.130059 0.195323 0.339933 0.334685
0.029338 0.324937 0.387465 0.258260
0.150371 0.486117 0.274474 0.089037
0.031364 0.440336 0.029930 0.498370
0.066569 0.163107 0.036083 0.734240
0.057052 0.368091 0.239527 0.335330
0.058016 0.209251 0.393592 0.339141
0.119436 0.399592 0.196688 0.284284
0.249380 0.052943 0.119758 0.577919
0.226305 0.313303 0.430674 0.029718
0.738928 0.160149 0.067764 0.033158
0.351001 0.363615 0.002816 0.282568
0.170858 0.096984 0.446450 0.285708
0.002300 0.195802 0.419973 0.381924
0.331904 0.072511 0.075942 0.519643
0.142713 0.078550 0.768954 0.009783
0.293456 0.479353 0.095632 0.131559
0.717676 0.034697 0.103037 0.144590
0.249253 0.419214 0.210641 0.120892
0.408014 0.019422 0.489970 0.082594
0.336171 0.110052 0.102085 0.451691
0.027866 0.210203 0.458804 0.303127
0.169990 0.517377 0.229813 0.082820
0.206905 0.341275 0.293899 0.157922
0.311105 0.294101 0.185684 0.209109
0.095506 0.302722 0.398620 0.203153
0.039746 0.447673 0.377317 0.135264
0.496085 0.187471 0.116997 0.199447
0.755435 0.116693 0.080823 0.047050
0.341784 0.002651 0.372550 0.283015
0.348314 0.052589 0.597130 0.001967
0.143356 0.392579 0.050824 0.413241
0.414911 0.329003 0.005535 0.250551
0.059907 0.279201 0.080023 0.580868
0.334905 0.023995 0.303475 0.337625
0.054293 0.135627 0.423046 0.387034
0.156167 0.348327 0.302831 0.192675
0.162112 0.174438 0.052145 0.611305
0.479451 0.088435 0.172429 0.259684
0.258005 0.480080 0.245610 0.016305
0.060279 0.198644 0.738544 0.002533
0.392130 0.133947 0.091190 0.382733
0.180800 0.121816 0.092010 0.605374
0.901201 0.035833 0.048053 0.014913
0.466435 0.113634 0.216758 0.203173
0.076839 0.326567 0.495198 0.101396
0.064098 0.100941 0.808594 0.026367
0.215208 0.424285 0.195311 0.165197
0.387153 0.068341 0.207514 0.336992
0.257039 0.158708 0.543561 0.040692
0.202240 0.421281 0.248889 0.127591
0.390965 0.293802 0.277368 0.037866
0.283042 0.212260 0.391363 0.113335
0.614660 0.029776 0.282491 0.073073
0.075432 0.388592 0.455611 0.080364
0.260931 0.227000 0.351791 0.160278
0.402540 0.162648 0.270569 0.164243
0.493083 0.053653 0.241755 0.211509
0.442967 0.051117 0.345418 0.160498
0.008749 0.557268 0.262782 0.171202
0.107630 0.010928 0.636759 0.244684
0.449102 0.193143 0.195785 0.161970
0.377600 0.161691 0.238259 0.222451
0.174175 0.313839 0.092422 0.419564
0.472657 0.078476 0.412873 0.035994
0.479362 0.133897 0.040622 0.346119
0.153512 0.023612 0.726517 0.096359
0.026392 0.194171 0.559427 0.220011
0.235021 0.279932 0.100550 0.384498
0.073498 0.123046 0.125771 0.677685
0.205816 0.030410 0.725919 0.037856
0.118378 0.147089 0.692378 0.042156
0.541873 0.046684 0.050195 0.361248
0.240502 0.178171 0.243813 0.337513
0.335151 0.051634 0.498727 0.114488
0.131322 0.276180 0.194021 0.398477
0.049711 0.505623 0.348818 0.095849
0.162076 0.116438 0.565826 0.155660
0.061778 0.322887 0.467536 0.147798
0.138731 0.134677 0.622731 0.103861
0.138151 0.129729 0.318278 0.413842
0.374582 0.324504 0.133449 0.167465
0.280649 0.361481 0.080874 0.276996
0.184382 0.223965 0.530125 0.061528
0.388180 0.553860 0.054430 0.003530
0.394714 0.040884 0.525278 0.039125
0.016856 0.362987 0.305877 0.314280
0.385230 0.095831 0.261561 0.257378
0.261917 0.268046 0.355630 0.114407
0.368134 0.032743 0.131061 0.468062
0.246306 0.122397 0.215183 0.416114
0.158890 0.084032 0.389222 0.367857
0.077835 0.211802 0.123507 0.586856
0.317535 0.038316 0.053471 0.590678
0.085678 0.333713 0.067677 0.512932
0.033926 0.458823 0.186991 0.320260
0.501267 0.394910 0.077309 0.026513
0.202493 0.038234 0.326467 0.432806
0.026810 0.257774 0.509631 0.205785
0.477092 0.083967 0.282266 0.156675
0.006269 0.239338 0.246943 0.507450
0.155155 0.544649 0.199843 0.100353
0.190320 0.297565 0.287606 0.224510
0.357790 0.119201 0.236824 0.286185
0.249862 0.471862 0.198046 0.080231
0.185462 0.390613 0.105212 0.318713
0.045972 0.717787 0.141542 0.094699
0.752319 0.025762 0.057240 0.164679
0.214358 0.122785 0.203986 0.458872
0.096280 0.066765 0.443288 0.393667
0.484775 0.002571 0.017932 0.494722
0.229012 0.166494 0.462103 0.142391
0.542558 0.427378 0.023427 0.006638
0.047355 0.017906 0.210053 0.724686
0.028706 0.025081 0.728422 0.217792
0.074386 0.183694 0.189503 0.552417
0.585296 0.091140 0.213009 0.110555
0.398530 0.316059 0.182043 0.103368
0.077875 0.436868 0.394641 0.090615
0.338148 0.247059 0.015230 0.399563
0.497885 0.272568 0.144679 0.084868
0.322953 0.583977 0.011054 0.082016
0.077111 0.568679 0.093267 0.260942
0.093507 0.449761 0.258303 0.198428
0.184816 0.433994 0.024908 0.356282
0.646258 0.009299 0.251719 0.092725
0.162308 0.344221 0.359858 0.133613
0.062405 0.126021 0.314850 0.496723
0.154073 0.142156 0.260378 0.443393
0.524362 0.064063 0.244400 0.167175
0.199600 0.523100 0.132803 0.144498
0.188369 0.379374 0.404217 0.028039
0.510173 0.231912 0.132701 0.125214
0.356424 0.052915 0.553125 0.037537
0.083155 0.252560 0.345498 0.318786
0.570056 0.064210 0.094383 0.271351
0.570697 0.275791 0.090980 0.062532
0.455929 0.071118 0.348908 0.124045
0.534943 0.135695 0.324804 0.004558
0.307854 0.181022 0.211490 0.299634
0.026232 0.748802 0.168927 0.056038
0.194544 0.242051 0.151007 0.412398
0.440200 0.211056 0.089221 0.259523
0.041882 0.657137 0.126596 0.174385
0.085967 0.541992 0.298510 0.073531
0.279239 0.408333 0.219746 0.092682
0.479178 0.124254 0.152067 0.244502
0.134305 0.376303 0.483011 0.006381
0.225533 0.278744 0.167678 0.328045
0.259532 0.322955 0.321937 0.095576
0.084303 0.364903 0.398803 0.151991
0.182977 0.001145 0.317346 0.498532
0.045673 0.015046 0.861914 0.077366
0.576133 0.128963 0.286257 0.008647
0.037017 0.370387 0.367956 0.224641
0.605546 0.193488 0.001246 0.199720
0.420271 0.469373 0.071046 0.039311
0.583868 0.074380 0.184397 0.157355
0.078773 0.347314 0.165761 0.408151
0.214040 0.386492 0.122472 0.276996
0.292302 0.020980 0.358182 0.328536
0.047446 0.293303 0.152932 0.506319
0.101488 0.072558 0.405999 0.419955
0.146630 0.476944 0.110957 0.265468
0.268712 0.252319 0.028810 0.450160
0.225751 0.473188 0.182198 0.118864
0.044513 0.023942 0.362775 0.568771
0.239723 0.177995 0.574549 0.007733
0.142649 0.692284 0.164069 0.000998
0.369800 0.006023 0.576121 0.048057
0.081890 0.242945 0.436015 0.239150
0.398730 0.081386 0.453665 0.066219
0.430020 0.206309 0.005304 0.358366
0.431607 0.398220 0.003560 0.166613
0.531053 0.181740 0.206012 0.081195
0.264384 0.054255 0.312021 0.369339
0.111575 0.700273 0.078584 0.109568
0.630054 0.284689 0.011838 0.073420
0.321095 0.193835 0.427605 0.057465
0.149758 0.096860 0.311232 0.442150
0.347653 0.442877 0.196729 0.012740
0.075188 0.176645 0.111390 0.636777
0.306699 0.108986 0.398554 0.185761
0.110270 0.090414 0.009420 0.789897
0.168688 0.305847 0.156561 0.368904
0.209812 0.224843 0.073173 0.492171
0.537828 0.095608 0.231052 0.135512
0.470065 0.372713 0.061021 0.096201
0.239517 0.142598 0.293938 0.323948
0.437799 0.048312 0.464904 0.048984
0.460843 0.194508 0.269546 0.075103
0.599504 0.000583 0.360840 0.039073
0.010741 0.126015 0.151166 0.712078
0.312400 0.267408 0.400204 0.019988
0.322769 0.204671 0.294829 0.177731
0.304065 0.370934 0.104339 0.220662
0.384083 0.138713 0.150101 0.327102
0.287024 0.009772 0.456629 0.246575
0.272028 0.443888 0.033638 0.250447
0.117966 0.034687 0.267033 0.580315
0.305896 0.199849 0.254097 0.240158
0.515576 0.245274 0.171468 0.067682
0.400155 0.377400 0.069953 0.152492
0.139176 0.448403 0.261212 0.151209
0.437111 0.269354 0.284527 0.009007
0.132971 0.522135 0.167331 0.177564
0.089380 0.437473 0.417944 0.055204
0.354634 0.206013 0.434187 0.005166
0.524818 0.072889 0.136236 0.266057
0.216099 0.600337 0.071939 0.111625
0.187047 0.188385 0.313024 0.311545
0.160539 0.177083 0.621630 0.040748
0.126291 0.581218 0.091330 0.201162
0.337518 0.209059 0.004355 0.449067
0.267328 0.175066 0.446604 0.111002
0.318501 0.294106 0.350326 0.037068
0.417692 0.279033 0.250858 0.052417
0.533565 0.000457 0.297523 0.168455
0.516323 0.291292 0.164793 0.027591
0.382047 0.105486 0.472429 0.040038
0.450257 0.009182 0.208912 0.331649
0.068349 0.390023 0.054883 0.486745
